##TITLE= rectangular pulse
##JCAMP-DX= 5.00 Bruker JCAMP library
##DATA TYPE= Shape Data
##ORIGIN= Bruker BioSpin GmbH
##OWNER= <galt>
##DATE= 2010/02/10
##TIME= 17:12:30
##$SHAPE_PARAMETERS= Type: Rectangle ; Amplitude 100.0
##MINX= 1.000000E02
##MAXX= 1.000000E02
##MINY= 0.000000E00
##MAXY= 0.000000E00
##$SHAPE_EXMODE= Excitation
##$SHAPE_TOTROT= 4.500000E04
##$SHAPE_TYPE= NoRotation
##$SHAPE_USER_DEF= 
##$SHAPE_REPHFAC= 
##$SHAPE_BWFAC= 0.000000E00
##$SHAPE_BWFAC50= 
##$SHAPE_INTEGFAC= 1.000000E00
##$SHAPE_MODE= 0
##NPOINTS= 100
##XYPOINTS= (XY..XY)
1.000000E02, 0.000000E00
1.000000E02, 0.000000E00
1.000000E02, 0.000000E00
1.000000E02, 0.000000E00
1.000000E02, 0.000000E00
1.000000E02, 0.000000E00
1.000000E02, 0.000000E00
1.000000E02, 0.000000E00
1.000000E02, 0.000000E00
1.000000E02, 0.000000E00
1.000000E02, 0.000000E00
1.000000E02, 0.000000E00
1.000000E02, 0.000000E00
1.000000E02, 0.000000E00
1.000000E02, 0.000000E00
1.000000E02, 0.000000E00
1.000000E02, 0.000000E00
1.000000E02, 0.000000E00
1.000000E02, 0.000000E00
1.000000E02, 0.000000E00
1.000000E02, 0.000000E00
1.000000E02, 0.000000E00
1.000000E02, 0.000000E00
1.000000E02, 0.000000E00
1.000000E02, 0.000000E00
1.000000E02, 0.000000E00
1.000000E02, 0.000000E00
1.000000E02, 0.000000E00
1.000000E02, 0.000000E00
1.000000E02, 0.000000E00
1.000000E02, 0.000000E00
1.000000E02, 0.000000E00
1.000000E02, 0.000000E00
1.000000E02, 0.000000E00
1.000000E02, 0.000000E00
1.000000E02, 0.000000E00
1.000000E02, 0.000000E00
1.000000E02, 0.000000E00
1.000000E02, 0.000000E00
1.000000E02, 0.000000E00
1.000000E02, 0.000000E00
1.000000E02, 0.000000E00
1.000000E02, 0.000000E00
1.000000E02, 0.000000E00
1.000000E02, 0.000000E00
1.000000E02, 0.000000E00
1.000000E02, 0.000000E00
1.000000E02, 0.000000E00
1.000000E02, 0.000000E00
1.000000E02, 0.000000E00
1.000000E02, 0.000000E00
1.000000E02, 0.000000E00
1.000000E02, 0.000000E00
1.000000E02, 0.000000E00
1.000000E02, 0.000000E00
1.000000E02, 0.000000E00
1.000000E02, 0.000000E00
1.000000E02, 0.000000E00
1.000000E02, 0.000000E00
1.000000E02, 0.000000E00
1.000000E02, 0.000000E00
1.000000E02, 0.000000E00
1.000000E02, 0.000000E00
1.000000E02, 0.000000E00
1.000000E02, 0.000000E00
1.000000E02, 0.000000E00
1.000000E02, 0.000000E00
1.000000E02, 0.000000E00
1.000000E02, 0.000000E00
1.000000E02, 0.000000E00
1.000000E02, 0.000000E00
1.000000E02, 0.000000E00
1.000000E02, 0.000000E00
1.000000E02, 0.000000E00
1.000000E02, 0.000000E00
1.000000E02, 0.000000E00
1.000000E02, 0.000000E00
1.000000E02, 0.000000E00
1.000000E02, 0.000000E00
1.000000E02, 0.000000E00
1.000000E02, 0.000000E00
1.000000E02, 0.000000E00
1.000000E02, 0.000000E00
1.000000E02, 0.000000E00
1.000000E02, 0.000000E00
1.000000E02, 0.000000E00
1.000000E02, 0.000000E00
1.000000E02, 0.000000E00
1.000000E02, 0.000000E00
1.000000E02, 0.000000E00
1.000000E02, 0.000000E00
1.000000E02, 0.000000E00
1.000000E02, 0.000000E00
1.000000E02, 0.000000E00
1.000000E02, 0.000000E00
1.000000E02, 0.000000E00
1.000000E02, 0.000000E00
1.000000E02, 0.000000E00
1.000000E02, 0.000000E00
1.000000E02, 0.000000E00
##END=
