O 195.468
-25000000
-24902153
-24804305
-24706458
-24608611
-24510763
-24412916
-24315068
-24217221
-24119374
-24021526
-23923679
-23825832
-23727984
-23630137
-23532290
-23434442
-23336595
-23238748
-23140900
-23043053
-22945205
-22847358
-22749511
-22651663
-22553816
-22455969
-22358121
-22260274
-22162427
-22064579
-21966732
-21868885
-21771037
-21673190
-21575342
-21477495
-21379648
-21281800
-21183953
-21086106
-20988258
-20890411
-20792564
-20694716
-20596869
-20499022
-20401174
-20303327
-20205479
-20107632
-20009785
-19911937
-19814090
-19716243
-19618395
-19520548
-19422701
-19324853
-19227006
-19129159
-19031311
-18933464
-18835616
-18737769
-18639922
-18542074
-18444227
-18346380
-18248532
-18150685
-18052838
-17954990
-17857143
-17759295
-17661448
-17563601
-17465753
-17367906
-17270059
-17172211
-17074364
-16976517
-16878669
-16780822
-16682975
-16585127
-16487280
-16389432
-16291585
-16193738
-16095890
-15998043
-15900196
-15802348
-15704501
-15606654
-15508806
-15410959
-15313112
-15215264
-15117417
-15019569
-14921722
-14823875
-14726027
-14628180
-14530333
-14432485
-14334638
-14236791
-14138943
-14041096
-13943249
-13845401
-13747554
-13649706
-13551859
-13454012
-13356164
-13258317
-13160470
-13062622
-12964775
-12866928
-12769080
-12671233
-12573386
-12475538
-12377691
-12279843
-12181996
-12084149
-11986301
-11888454
-11790607
-11692759
-11594912
-11497065
-11399217
-11301370
-11203523
-11105675
-11007828
-10909980
-10812133
-10714286
-10616438
-10518591
-10420744
-10322896
-10225049
-10127202
-10029354
-9931507
-9833659
-9735812
-9637965
-9540117
-9442270
-9344423
-9246575
-9148728
-9050881
-8953033
-8855186
-8757339
-8659491
-8561644
-8463796
-8365949
-8268102
-8170254
-8072407
-7974560
-7876712
-7778865
-7681018
-7583170
-7485323
-7387476
-7289628
-7191781
-7093933
-6996086
-6898239
-6800391
-6702544
-6604697
-6506849
-6409002
-6311155
-6213307
-6115460
-6017613
-5919765
-5821918
-5724070
-5626223
-5528376
-5430528
-5332681
-5234834
-5136986
-5039139
-4941292
-4843444
-4745597
-4647750
-4549902
-4452055
-4354207
-4256360
-4158513
-4060665
-3962818
-3864971
-3767123
-3669276
-3571429
-3473581
-3375734
-3277886
-3180039
-3082192
-2984344
-2886497
-2788650
-2690802
-2592955
-2495108
-2397260
-2299413
-2201566
-2103718
-2005871
-1908023
-1810176
-1712329
-1614481
-1516634
-1418787
-1320939
-1223092
-1125245
-1027397
 -929550
 -831703
 -733855
 -636008
 -538160
 -440313
 -342466
 -244618
 -146771
  -48924
   48924
  146771
  244618
  342466
  440313
  538160
  636008
  733855
  831703
  929550
 1027397
 1125245
 1223092
 1320939
 1418787
 1516634
 1614481
 1712329
 1810176
 1908023
 2005871
 2103718
 2201566
 2299413
 2397260
 2495108
 2592955
 2690802
 2788650
 2886497
 2984344
 3082192
 3180039
 3277886
 3375734
 3473581
 3571429
 3669276
 3767123
 3864971
 3962818
 4060665
 4158513
 4256360
 4354207
 4452055
 4549902
 4647750
 4745597
 4843444
 4941292
 5039139
 5136986
 5234834
 5332681
 5430528
 5528376
 5626223
 5724070
 5821918
 5919765
 6017613
 6115460
 6213307
 6311155
 6409002
 6506849
 6604697
 6702544
 6800391
 6898239
 6996086
 7093933
 7191781
 7289628
 7387476
 7485323
 7583170
 7681018
 7778865
 7876712
 7974560
 8072407
 8170254
 8268102
 8365949
 8463796
 8561644
 8659491
 8757339
 8855186
 8953033
 9050881
 9148728
 9246575
 9344423
 9442270
 9540117
 9637965
 9735812
 9833659
 9931507
10029354
10127202
10225049
10322896
10420744
10518591
10616438
10714286
10812133
10909980
11007828
11105675
11203523
11301370
11399217
11497065
11594912
11692759
11790607
11888454
11986301
12084149
12181996
12279843
12377691
12475538
12573386
12671233
12769080
12866928
12964775
13062622
13160470
13258317
13356164
13454012
13551859
13649706
13747554
13845401
13943249
14041096
14138943
14236791
14334638
14432485
14530333
14628180
14726027
14823875
14921722
15019569
15117417
15215264
15313112
15410959
15508806
15606654
15704501
15802348
15900196
15998043
16095890
16193738
16291585
16389432
16487280
16585127
16682975
16780822
16878669
16976517
17074364
17172211
17270059
17367906
17465753
17563601
17661448
17759295
17857143
17954990
18052838
18150685
18248532
18346380
18444227
18542074
18639922
18737769
18835616
18933464
19031311
19129159
19227006
19324853
19422701
19520548
19618395
19716243
19814090
19911937
20009785
20107632
20205479
20303327
20401174
20499022
20596869
20694716
20792564
20890411
20988258
21086106
21183953
21281800
21379648
21477495
21575342
21673190
21771037
21868885
21966732
22064579
22162427
22260274
22358121
22455969
22553816
22651663
22749511
22847358
22945205
23043053
23140900
23238748
23336595
23434442
23532290
23630137
23727984
23825832
23923679
24021526
24119374
24217221
24315068
24412916
24510763
24608611
24706458
24804305
24902153
25000000
