##TITLE= Parameter file, TOPSPIN		Version 3.0
##JCAMPDX= 5.0
##DATATYPE= Parameter Values
##NPOINTS= 140	$$ modification sequence number
##ORIGIN= Bruker BioSpin GmbH
##OWNER= nmrsu
$$ 2011-04-19 08:34:14.037 -0700  nmrsu@bokan
$$ /opt/topspin3.0/conf/instr/spect/uxnmr.par
$$ process /opt/topspin3.0/prog/mod/masserver
##$ACB= 0
##$ACBTAT= (0..23)
0 88 88 72 72 88 88 72 72 50 0 0 0 0 0 0 0 0 0 0 0 0 0 0
##$ACBTBA= (0..23)
0 0 0 0 0 0 0 0 0 0 0 0 0 0 0 0 0 0 0 0 0 0 0 0
##$ACBTBLK= (0..23)
0 33 1 34 1 35 1 36 1 39 0 0 0 0 0 0 0 0 0 0 0 0 0 0
##$ACBTCTL= (0..23)
0 6 6 6 6 6 6 6 6 6 0 0 0 0 0 0 0 0 0 0 0 0 0 0
##$ACBTDI= (0..23)
0 -1779670021 -1779670021 -1779670022 -1779670022 -1779670023 -1779670023
-1779670024 -1779670024 -1779670252 0 0 0 0 0 0 0 0 0 0 0 0 0 0
##$ACBTDM= (0..23)
0 5 10 5 25 5 10 5 25 10 0 0 0 0 0 0 0 0 0 0 0 0 0 0
##$ACBTFHI= (0..23)
0 405 405 900 900 405 405 900 900 116 0 0 0 0 0 0 0 0 0 0 0 0 0 0
##$ACBTFL= (0..23)
0 248 248 248 248 248 248 248 248 8 0 0 0 0 0 0 0 0 0 0 0 0 0 0
##$ACBTFLO= (0..23)
0 6 6 650 650 6 6 650 650 114 0 0 0 0 0 0 0 0 0 0 0 0 0 0
##$ACBTINP= (0..23)
0 1 1 2 2 3 3 4 4 7 0 0 0 0 0 0 0 0 0 0 0 0 0 0
##$ACBTOUT= (0..23)
0 1 2 1 2 1 2 1 2 1 0 0 0 0 0 0 0 0 0 0 0 0 0 0
##$ACBTPO= (0..23)
0 1000000 300000 1000000 100000 1000000 300000 1000000 100000 5000 0 0
0 0 0 0 0 0 0 0 0 0 0 0
##$ACBTPW= (0..23)
0 100 100 100 100 100 100 100 100 1000 0 0 0 0 0 0 0 0 0 0 0 0 0 0
##$ACBTSB= (0..23)
0 0 0 0 0 0 0 0 0 0 0 0 0 0 0 0 0 0 0 0 0 0 0 0
##$ACBTSDT= (0..23)
0 2 2 2 2 2 2 2 2 2 0 0 0 0 0 0 0 0 0 0 0 0 0 0
##$ACBTY= <no>
##$AMPDFLT= no
##$AQSBDCH= (0..95)
0 0 0 0 0 0 0 0 0 255 255 255 255 255 255 255 255 255 255 255 255 255 255
255 255 255 255 255 255 255 255 255 255 255 255 255 255 255 255 255 255
255 255 255 255 255 255 255 255 255 255 255 255 255 255 255 255 255 255
255 255 255 255 255 255 255 255 255 255 255 255 255 255 255 255 255 255
255 255 255 255 255 255 255 255 255 255 255 255 255 255 255 255 255 255
255
##$AQSBDHW= (0..95)
4 1 8 8 8 8 0 0 0 255 255 255 255 255 255 255 255 255 255 255 255 255 255
255 255 255 255 255 255 255 255 255 255 255 255 255 255 255 255 255 255
255 255 255 255 255 255 255 255 255 255 255 255 255 255 255 255 255 255
255 255 255 255 255 255 255 255 255 255 255 255 255 255 255 255 255 255
255 255 255 255 255 255 255 255 255 255 255 255 255 255 255 255 255 255
255
##$AQSBDID= (0..95)
82 88 83 83 83 83 80 66 66 255 255 255 255 255 255 255 255 255 255 255
255 255 255 255 255 255 255 255 255 255 255 255 255 255 255 255 255 255
255 255 255 255 255 255 255 255 255 255 255 255 255 255 255 255 255 255
255 255 255 255 255 255 255 255 255 255 255 255 255 255 255 255 255 255
255 255 255 255 255 255 255 255 255 255 255 255 255 255 255 255 255 255
255 255 255 255
##$AQSBDNO= (0..95)
1 1 1 2 3 4 1 1 1 255 255 255 255 255 255 255 255 255 255 255 255 255 255
255 255 255 255 255 255 255 255 255 255 255 255 255 255 255 255 255 255
255 255 255 255 255 255 255 255 255 255 255 255 255 255 255 255 255 255
255 255 255 255 255 255 255 255 255 255 255 255 255 255 255 255 255 255
255 255 255 255 255 255 255 255 255 255 255 255 255 255 255 255 255 255
255
##$AQSBDSL= (0..95)
2 3 4 7 8 9 21 23 25 255 255 255 255 255 255 255 255 255 255 255 255 255
255 255 255 255 255 255 255 255 255 255 255 255 255 255 255 255 255 255
255 255 255 255 255 255 255 255 255 255 255 255 255 255 255 255 255 255
255 255 255 255 255 255 255 255 255 255 255 255 255 255 255 255 255 255
255 255 255 255 255 255 255 255 255 255 255 255 255 255 255 255 255 255
255 255
##$AQSBDTY= (0..95)
98 201 41 41 41 41 207 209 7 255 255 255 255 255 255 255 255 255 255 255
255 255 255 255 255 255 255 255 255 255 255 255 255 255 255 255 255 255
255 255 255 255 255 255 255 255 255 255 255 255 255 255 255 255 255 255
255 255 255 255 255 255 255 255 255 255 255 255 255 255 255 255 255 255
255 255 255 255 255 255 255 255 255 255 255 255 255 255 255 255 255 255
255 255 255 255
##$AQSBUAD= (0..95)
16 52 36 37 38 39 33 32 32 255 255 255 255 255 255 255 255 255 255 255
255 255 255 255 255 255 255 255 255 255 255 255 255 255 255 255 255 255
255 255 255 255 255 255 255 255 255 255 255 255 255 255 255 255 255 255
255 255 255 255 255 255 255 255 255 255 255 255 255 255 255 255 255 255
255 255 255 255 255 255 255 255 255 255 255 255 255 255 255 255 255 255
255 255 255 255
##$AQSECL= (0..95)
5 1 3 3 3 3 1 3 255 255 255 255 255 255 255 255 255 255 255 255 255 255
255 255 255 255 255 255 255 255 255 255 255 255 255 255 255 255 255 255
255 255 255 255 255 255 255 255 255 255 255 255 255 255 255 255 255 255
255 255 255 255 255 255 255 255 255 255 255 255 255 255 255 255 255 255
255 255 255 255 255 255 255 255 255 255 255 255 255 255 255 255 255 255
255 255
##$AQSECLS= (0..95)
5 2 5 5 5 5 0 2 255 255 255 255 255 255 255 255 255 255 255 255 255 255
255 255 255 255 255 255 255 255 255 255 255 255 255 255 255 255 255 255
255 255 255 255 255 255 255 255 255 255 255 255 255 255 255 255 255 255
255 255 255 255 255 255 255 255 255 255 255 255 255 255 255 255 255 255
255 255 255 255 255 255 255 255 255 255 255 255 255 255 255 255 255 255
255 255
##$AQSSPLT= no
##$ATT19F= (0..1)
0 0
##$ATT1H= (0..1)
0 0
##$ATT3H= (0..1)
0 0
##$ATTX= (0..1)
0 0
##$ATTY= (0..1)
0 0
##$ATTZ= (0..1)
0 0
##$BACSAIR= yes
##$BACSCAP= 0
##$BACSDEL= 10
##$BACSFCM= no
##$BACSOPT= <>
##$BACSTY= <no>
##$BARPTY= <no>
##$BFREQ= 750.13
##$BGAETH1= <149.236.99.252>
##$BGAETH2= <no>
##$BGAETH3= <no>
##$BGAETH4= <no>
##$BGAETH5= <no>
##$BGAETH6= <no>
##$BGAETH7= <no>
##$BGAETH8= <no>
##$BIRDS= yes
##$BMPC= 0
##$BMPCTY= <no>
##$BPSUTY= <no>
##$BSMS= 2
##$BSMSETH= <149.236.99.20>
##$BSMSTY= <no>
##$Bla01Eth= <149.236.99.251>
##$Bla01Nam= <BLAX1000 E 6-405MHZ INR>
##$Bla01PN= <W1345095>
##$Bla01SN= <0275>
##$Bla02Eth= <149.236.99.250>
##$Bla02Nam= <BLAH1000 E 700-900MHZ INR>
##$Bla02PN= <W1345091>
##$Bla02SN= <0043>
##$Bla03Eth= <149.236.99.249>
##$Bla03Nam= <BLAX1000 E 6-405MHZ INR>
##$Bla03PN= <W1345095>
##$Bla03SN= <0272>
##$Bla04Eth= <149.236.99.248>
##$Bla04Nam= <BLAH1000 E 700-900MHZ INR>
##$Bla04PN= <W1345091>
##$Bla04SN= <0042>
##$Bla05Eth= <149.236.99.20>
##$Bla05Nam= <BSMS/2 LOCK TRANSCEIVER 750>
##$Bla05PN= <Z109892>
##$Bla05SN= <00001>
##$Bla06Eth= <no>
##$Bla06Nam= <>
##$Bla06PN= <>
##$Bla06SN= <>
##$Bla07Eth= <no>
##$Bla07Nam= <>
##$Bla07PN= <>
##$Bla07SN= <>
##$Bla08Eth= <no>
##$Bla08Nam= <>
##$Bla08PN= <>
##$Bla08SN= <>
##$CFASMOD= (0..7)
1 1 1 1 1 1 1 1
##$CFASMUL= (0..7)
1 1 1 1 1 1 1 1
##$CNFTXDR= (0..7)
6 6 6 6 0 0 0 0
##$COMDIG2= 0
##$CPDBTY= <no>
##$CRCOTY= <no>
##$CSW1= (0..31)
1 1 0 2 0 0 3 3 0 4 0 0 7 0 0 0 0 0 0 0 0 0 0 0 0 0 0 0 0 0 0 0
##$CSW2= (0..31)
0 0 0 0 0 0 0 0 0 0 0 0 0 0 0 0 0 0 0 0 0 0 0 0 0 0 0 0 0 0 0 0
##$CSWNUM= (0..7)
3 3 3 3 1 0 0 0
##$Ctb1Eth= <no>
##$DATSTAT= no
##$DIGI140= (0..7)
0 0 0 0 0 0 0 0
##$DIGIB12= (0..7)
0 0 0 0 0 0 0 0
##$DIGIB16= (0..7)
0 0 0 0 0 0 0 0
##$DIGIFA= (0..7)
0 0 0 0 0 0 0 0
##$DIGIHA= (0..7)
0 0 0 0 0 0 0 0
##$DIGIHAF= (0..7)
0 0 0 0 0 0 0 0
##$DIGIHRD= (0..7)
0 0 0 0 0 0 0 0
##$DIGIIA= (0..7)
0 0 0 0 0 0 0 0
##$DIGIO16= (0..7)
0 0 0 0 0 0 0 0
##$DIGISA= (0..7)
0 0 0 0 0 0 0 0
##$DIGISAF= (0..7)
0 0 0 0 0 0 0 0
##$DIGISL= (0..7)
0 0 0 0 0 0 0 0
##$DIGITYI= (0..7)
0 0 0 0 0 0 0 0
##$DIGITYP= (0..7)
0 0 0 0 0 0 0 0
##$DIGITZ= 0
##$DPPFAC= 1
##$DRMSETH= <no>
##$DRU= yes
##$DRUETH01= <149.236.99.89>
##$DRUETH02= <no>
##$DRUETH03= <no>
##$DRUETH04= <no>
##$DRUETH05= <no>
##$DRUETH06= <no>
##$DRUETH07= <no>
##$DRUETH08= <no>
##$DRUETH09= <no>
##$DRUETH10= <no>
##$DRUETH11= <no>
##$DRUETH12= <no>
##$DRUETH13= <no>
##$DRUETH14= <no>
##$DRUETH15= <no>
##$DRUETH16= <no>
##$DRUETH17= <no>
##$DRUETH18= <no>
##$DRUETH19= <no>
##$DRUETH20= <no>
##$DRUETH21= <no>
##$DRUETH22= <no>
##$DRUETH23= <no>
##$DRUETH24= <no>
##$DRUETH25= <no>
##$DRUETH26= <no>
##$DRUETH27= <no>
##$DRUETH28= <no>
##$DRUETH29= <no>
##$DRUETH30= <no>
##$DRUETH31= <no>
##$DRUETH32= <no>
##$FCUMEM= (0..7)
16777208 16777208 16777208 16777208 0 0 0 0
##$FCUPAL= (0..7)
0 0 0 0 0 0 0 0
##$FGSVTY= <no>
##$FQMIX= 0
##$FUNCMOD= <>
##$GCUTYPE= 11
##$GCUTYPE2= 10
##$GPREDEL= 21
##$GPSCUTY= <no>
##$GRADRES= 5
##$GTUTY= <no>
##$GradAmpGain= (0..1)
0 0
##$GradAmpMaxCurX= (0..1)
-10 0
##$GradAmpMaxCurY= (0..1)
-10 0
##$GradAmpMaxCurZ= (0..1)
-10 0
##$GradAmpType= (0..1)
4 0
##$HDIETH1= <no>
##$HDIETH2= <no>
##$HDIETH3= <no>
##$HDIETH4= <no>
##$HFAC= 3
##$HPCU= 0
##$HPCUTY= <no>
##$HPTXLP= (0..3)
-1 -1 -1 -1
##$HPTXPI= (0..3)
0 0 0 0
##$HPTXPO= (0..3)
0 0 0 0
##$HPTXTY= (0..3)
0 0 0 0
##$IF451= 0
##$IFREQ= 1
##$INTFPR= 0
##$IPSOETH= <149.236.99.253>
##$LOCKTY= <no>
##$LOCSWID= 0
##$LOCSWIF= 0
##$LVDSSPLITETH1= <no>
##$LVDSSPLITETH2= <no>
##$LVDSSPLITETH3= <no>
##$LVDSSPLITETH4= <no>
##$M2FAC= 0
##$MAS= 2
##$MASETIME= 10
##$MASITIME= 10
##$MASTY= <tty04>
##$MAS_CT= 40000
##$MAS_SG= 0
##$MAS_TO= 0
##$MEMPRM= 0
##$MHFAC= 0
##$MXFAC= 0
##$NAMPD1= <HPLNA 1H>
##$NAMPD10= <>
##$NAMPD11= <>
##$NAMPD12= <>
##$NAMPD13= <>
##$NAMPD14= <>
##$NAMPD15= <>
##$NAMPD16= <>
##$NAMPD2= <HPLNA 19F>
##$NAMPD3= <HPLNA 3H>
##$NAMPD4= <2H>
##$NAMPD5= <XBB31P 2HS>
##$NAMPD6= <HPHP XBB31P>
##$NAMPD7= <HPHP XBB31P>
##$NAMPD8= <XBB31P 2HS>
##$NAMPD9= <>
##$NFCU= 4
##$NMRCH= 2
##$NMRMEM= 16384
##$NPSGU= 0
##$NRCU= 1
##$NROUT= 0
##$NSGU= 4
##$PAMPF1= (0..15)
75 32 48 16 96 80 88 88 80 0 0 0 0 0 0 0
##$PAMPF2= (0..15)
0 0 0 0 0 0 0 0 0 0 0 0 0 0 0 0
##$PAMPF3= (0..15)
0 0 0 0 0 0 0 0 0 0 0 0 0 0 0 0
##$PAMPF4= (0..15)
0 0 0 0 0 0 0 0 0 0 0 0 0 0 0 0
##$PAMPF5= (0..15)
0 0 0 0 0 0 0 0 0 0 0 0 0 0 0 0
##$PAMPF6= (0..15)
0 0 0 0 0 0 0 0 0 0 0 0 0 0 0 0
##$PAMPF7= (0..15)
0 0 0 0 0 0 0 0 0 0 0 0 0 0 0 0
##$PAMPF8= (0..15)
0 0 0 0 0 0 0 0 0 0 0 0 0 0 0 0
##$PH4= 0
##$PHF4TY= <no>
##$POWCHK= no
##$PRAMD1= (0..7)
2 0 0 1610612736 0 0 0 0
##$PRAMD10= (0..7)
0 0 0 0 0 0 0 0
##$PRAMD11= (0..7)
0 0 0 0 0 0 0 0
##$PRAMD12= (0..7)
0 0 0 0 0 0 0 0
##$PRAMD13= (0..7)
0 0 0 0 0 0 0 0
##$PRAMD14= (0..7)
0 0 0 0 0 0 0 0
##$PRAMD15= (0..7)
0 0 0 0 0 0 0 0
##$PRAMD16= (0..7)
0 0 0 0 0 0 0 0
##$PRAMD17= (0..7)
0 0 0 0 0 0 0 0
##$PRAMD18= (0..7)
0 0 0 0 0 0 0 0
##$PRAMD19= (0..7)
0 0 0 0 0 0 0 0
##$PRAMD2= (0..7)
4 0 0 1610612736 0 0 0 0
##$PRAMD20= (0..7)
0 0 0 0 0 0 0 0
##$PRAMD21= (0..7)
0 0 0 0 0 0 0 0
##$PRAMD3= (0..7)
1 0 0 1610612736 0 0 0 0
##$PRAMD4= (0..7)
0 1048576 0 536870912 0 1048576 0 536870912
##$PRAMD5= (0..7)
2147483584 2146435071 2147483647 671088639 0 0 0 0
##$PRAMD6= (0..7)
2147483647 2147483647 2147483647 1207959551 0 0 0 0
##$PRAMD7= (0..7)
2147483647 2147483647 2147483647 1207959551 0 0 0 0
##$PRAMD8= (0..7)
2147483584 2146435071 2147483647 671088639 0 0 0 0
##$PRAMD9= (0..7)
0 0 0 0 0 0 0 0
##$PRAMLED= (0..1)
15 15
##$PRAMP1= <tty10>
##$PRAMP2= <no>
##$PRAMP3= <no>
##$PRAMP4= <no>
##$PRAMP5= <no>
##$PRAMP6= <no>
##$PRAMP7= <no>
##$PRAMP8= <no>
##$PRAMPTP= 1
##$PREPTY= <no>
##$PRESHLD= 0
##$PTS160= -1
##$PTSA2X= (0..7)
0 0 0 0 0 0 0 0
##$PTSF2X= (0..7)
0 0 0 0 0 0 0 0
##$PTSFMX= (0..7)
1072.525 1072.525 1072.525 1072.525 0 0 0 0
##$PULCHK= no
##$RCUCDS= (0..7)
0 0 0 0 0 0 0 0
##$RCUCFS= (0..7)
0 0 0 0 0 0 0 0
##$RCUCSS= (0..7)
0 0 0 0 0 0 0 0
##$RCUI2C1= (0..7)
0 0 0 0 0 0 0 0
##$RCUI2C2= (0..7)
0 0 0 0 0 0 0 0
##$RCUI2C3= (0..7)
0 0 0 0 0 0 0 0
##$RCUI2C4= (0..7)
0 0 0 0 0 0 0 0
##$RCUI2C5= (0..7)
0 0 0 0 0 0 0 0
##$RCUI2C6= (0..7)
0 0 0 0 0 0 0 0
##$RCUI2C7= (0..7)
0 0 0 0 0 0 0 0
##$RCUI2C8= (0..7)
0 0 0 0 0 0 0 0
##$RDCU= 0
##$RFSVTY= <no>
##$RGTYPE= (0..31)
9 0 0 0 0 0 0 0 0 0 0 0 0 0 0 0 0 0 0 0 0 0 0 0 0 0 0 0 0 0 0 0
##$RG_max= (0..31)
2050 0 0 0 0 0 0 0 0 0 0 0 0 0 0 0 0 0 0 0 0 0 0 0 0 0 0 0 0 0 0 0
##$RG_min= (0..31)
0.25 0 0 0 0 0 0 0 0 0 0 0 0 0 0 0 0 0 0 0 0 0 0 0 0 0 0 0 0 0 0 0
##$RG_tab1= (0..255)
0.25 0.28 0.32 0.35 0.4 0.44 0.5 0.56 0.64 0.7 0.8 0.89 1 1.12 1.28 1.4
1.6 1.78 2 2.25 2.56 2.8 3.2 3.56 4 4.5 5 5.6 6.35 7.12 8 9 10 11.3 12.7
14.2 16 18 20.2 22.6 25.4 28.5 32 36 40.3 45.2 50.8 57 64 71.8 80.6 90.5
101 114 128 144 161 181 203 228 256 287 322 362 406 456 512 575 645 724
812 912 1030 1150 1290 1440 1620 1820 2050 -1 -1 -1 -1 -1 -1 -1 -1 -1 -1
-1 -1 -1 -1 -1 -1 -1 -1 -1 -1 -1 -1 -1 -1 -1 -1 -1 -1 -1 -1 -1 -1 -1 -1
-1 -1 -1 -1 -1 -1 -1 -1 -1 -1 -1 -1 -1 -1 -1 -1 -1 -1 -1 -1 -1 -1 -1 -1
-1 -1 -1 -1 -1 -1 -1 -1 -1 -1 -1 -1 -1 -1 -1 -1 -1 -1 -1 -1 -1 -1 -1 -1
-1 -1 -1 -1 -1 -1 -1 -1 -1 -1 -1 -1 -1 -1 -1 -1 -1 -1 -1 -1 -1 -1 -1 -1
-1 -1 -1 -1 -1 -1 -1 -1 -1 -1 -1 -1 -1 -1 -1 -1 -1 -1 -1 -1 -1 -1 -1 -1
-1 -1 -1 -1 -1 -1 -1 -1 -1 -1 -1 -1 -1 -1 -1 -1 -1 -1 -1 -1 -1 -1 -1 -1
-1 -1 -1 -1 -1 -1 -1 -1 -1 -1 -1 -1 -1 -1 -1 -1 -1 -1 -1 -1 -1 -1 -1
##$RG_tab2= (0..255)
-1 -1 -1 -1 -1 -1 -1 -1 -1 -1 -1 -1 -1 -1 -1 -1 -1 -1 -1 -1 -1 -1 -1 -1
-1 -1 -1 -1 -1 -1 -1 -1 -1 -1 -1 -1 -1 -1 -1 -1 -1 -1 -1 -1 -1 -1 -1 -1
-1 -1 -1 -1 -1 -1 -1 -1 -1 -1 -1 -1 -1 -1 -1 -1 -1 -1 -1 -1 -1 -1 -1 -1
-1 -1 -1 -1 -1 -1 -1 -1 -1 -1 -1 -1 -1 -1 -1 -1 -1 -1 -1 -1 -1 -1 -1 -1
-1 -1 -1 -1 -1 -1 -1 -1 -1 -1 -1 -1 -1 -1 -1 -1 -1 -1 -1 -1 -1 -1 -1 -1
-1 -1 -1 -1 -1 -1 -1 -1 -1 -1 -1 -1 -1 -1 -1 -1 -1 -1 -1 -1 -1 -1 -1 -1
-1 -1 -1 -1 -1 -1 -1 -1 -1 -1 -1 -1 -1 -1 -1 -1 -1 -1 -1 -1 -1 -1 -1 -1
-1 -1 -1 -1 -1 -1 -1 -1 -1 -1 -1 -1 -1 -1 -1 -1 -1 -1 -1 -1 -1 -1 -1 -1
-1 -1 -1 -1 -1 -1 -1 -1 -1 -1 -1 -1 -1 -1 -1 -1 -1 -1 -1 -1 -1 -1 -1 -1
-1 -1 -1 -1 -1 -1 -1 -1 -1 -1 -1 -1 -1 -1 -1 -1 -1 -1 -1 -1 -1 -1 -1 -1
-1 -1 -1 -1 -1 -1 -1 -1 -1 -1 -1 -1 -1 -1 -1 -1
##$RG_tab3= (0..255)
-1 -1 -1 -1 -1 -1 -1 -1 -1 -1 -1 -1 -1 -1 -1 -1 -1 -1 -1 -1 -1 -1 -1 -1
-1 -1 -1 -1 -1 -1 -1 -1 -1 -1 -1 -1 -1 -1 -1 -1 -1 -1 -1 -1 -1 -1 -1 -1
-1 -1 -1 -1 -1 -1 -1 -1 -1 -1 -1 -1 -1 -1 -1 -1 -1 -1 -1 -1 -1 -1 -1 -1
-1 -1 -1 -1 -1 -1 -1 -1 -1 -1 -1 -1 -1 -1 -1 -1 -1 -1 -1 -1 -1 -1 -1 -1
-1 -1 -1 -1 -1 -1 -1 -1 -1 -1 -1 -1 -1 -1 -1 -1 -1 -1 -1 -1 -1 -1 -1 -1
-1 -1 -1 -1 -1 -1 -1 -1 -1 -1 -1 -1 -1 -1 -1 -1 -1 -1 -1 -1 -1 -1 -1 -1
-1 -1 -1 -1 -1 -1 -1 -1 -1 -1 -1 -1 -1 -1 -1 -1 -1 -1 -1 -1 -1 -1 -1 -1
-1 -1 -1 -1 -1 -1 -1 -1 -1 -1 -1 -1 -1 -1 -1 -1 -1 -1 -1 -1 -1 -1 -1 -1
-1 -1 -1 -1 -1 -1 -1 -1 -1 -1 -1 -1 -1 -1 -1 -1 -1 -1 -1 -1 -1 -1 -1 -1
-1 -1 -1 -1 -1 -1 -1 -1 -1 -1 -1 -1 -1 -1 -1 -1 -1 -1 -1 -1 -1 -1 -1 -1
-1 -1 -1 -1 -1 -1 -1 -1 -1 -1 -1 -1 -1 -1 -1 -1
##$RG_tab4= (0..255)
-1 -1 -1 -1 -1 -1 -1 -1 -1 -1 -1 -1 -1 -1 -1 -1 -1 -1 -1 -1 -1 -1 -1 -1
-1 -1 -1 -1 -1 -1 -1 -1 -1 -1 -1 -1 -1 -1 -1 -1 -1 -1 -1 -1 -1 -1 -1 -1
-1 -1 -1 -1 -1 -1 -1 -1 -1 -1 -1 -1 -1 -1 -1 -1 -1 -1 -1 -1 -1 -1 -1 -1
-1 -1 -1 -1 -1 -1 -1 -1 -1 -1 -1 -1 -1 -1 -1 -1 -1 -1 -1 -1 -1 -1 -1 -1
-1 -1 -1 -1 -1 -1 -1 -1 -1 -1 -1 -1 -1 -1 -1 -1 -1 -1 -1 -1 -1 -1 -1 -1
-1 -1 -1 -1 -1 -1 -1 -1 -1 -1 -1 -1 -1 -1 -1 -1 -1 -1 -1 -1 -1 -1 -1 -1
-1 -1 -1 -1 -1 -1 -1 -1 -1 -1 -1 -1 -1 -1 -1 -1 -1 -1 -1 -1 -1 -1 -1 -1
-1 -1 -1 -1 -1 -1 -1 -1 -1 -1 -1 -1 -1 -1 -1 -1 -1 -1 -1 -1 -1 -1 -1 -1
-1 -1 -1 -1 -1 -1 -1 -1 -1 -1 -1 -1 -1 -1 -1 -1 -1 -1 -1 -1 -1 -1 -1 -1
-1 -1 -1 -1 -1 -1 -1 -1 -1 -1 -1 -1 -1 -1 -1 -1 -1 -1 -1 -1 -1 -1 -1 -1
-1 -1 -1 -1 -1 -1 -1 -1 -1 -1 -1 -1 -1 -1 -1 -1
##$RG_tab5= (0..255)
-1 -1 -1 -1 -1 -1 -1 -1 -1 -1 -1 -1 -1 -1 -1 -1 -1 -1 -1 -1 -1 -1 -1 -1
-1 -1 -1 -1 -1 -1 -1 -1 -1 -1 -1 -1 -1 -1 -1 -1 -1 -1 -1 -1 -1 -1 -1 -1
-1 -1 -1 -1 -1 -1 -1 -1 -1 -1 -1 -1 -1 -1 -1 -1 -1 -1 -1 -1 -1 -1 -1 -1
-1 -1 -1 -1 -1 -1 -1 -1 -1 -1 -1 -1 -1 -1 -1 -1 -1 -1 -1 -1 -1 -1 -1 -1
-1 -1 -1 -1 -1 -1 -1 -1 -1 -1 -1 -1 -1 -1 -1 -1 -1 -1 -1 -1 -1 -1 -1 -1
-1 -1 -1 -1 -1 -1 -1 -1 -1 -1 -1 -1 -1 -1 -1 -1 -1 -1 -1 -1 -1 -1 -1 -1
-1 -1 -1 -1 -1 -1 -1 -1 -1 -1 -1 -1 -1 -1 -1 -1 -1 -1 -1 -1 -1 -1 -1 -1
-1 -1 -1 -1 -1 -1 -1 -1 -1 -1 -1 -1 -1 -1 -1 -1 -1 -1 -1 -1 -1 -1 -1 -1
-1 -1 -1 -1 -1 -1 -1 -1 -1 -1 -1 -1 -1 -1 -1 -1 -1 -1 -1 -1 -1 -1 -1 -1
-1 -1 -1 -1 -1 -1 -1 -1 -1 -1 -1 -1 -1 -1 -1 -1 -1 -1 -1 -1 -1 -1 -1 -1
-1 -1 -1 -1 -1 -1 -1 -1 -1 -1 -1 -1 -1 -1 -1 -1
##$RG_tab6= (0..255)
-1 -1 -1 -1 -1 -1 -1 -1 -1 -1 -1 -1 -1 -1 -1 -1 -1 -1 -1 -1 -1 -1 -1 -1
-1 -1 -1 -1 -1 -1 -1 -1 -1 -1 -1 -1 -1 -1 -1 -1 -1 -1 -1 -1 -1 -1 -1 -1
-1 -1 -1 -1 -1 -1 -1 -1 -1 -1 -1 -1 -1 -1 -1 -1 -1 -1 -1 -1 -1 -1 -1 -1
-1 -1 -1 -1 -1 -1 -1 -1 -1 -1 -1 -1 -1 -1 -1 -1 -1 -1 -1 -1 -1 -1 -1 -1
-1 -1 -1 -1 -1 -1 -1 -1 -1 -1 -1 -1 -1 -1 -1 -1 -1 -1 -1 -1 -1 -1 -1 -1
-1 -1 -1 -1 -1 -1 -1 -1 -1 -1 -1 -1 -1 -1 -1 -1 -1 -1 -1 -1 -1 -1 -1 -1
-1 -1 -1 -1 -1 -1 -1 -1 -1 -1 -1 -1 -1 -1 -1 -1 -1 -1 -1 -1 -1 -1 -1 -1
-1 -1 -1 -1 -1 -1 -1 -1 -1 -1 -1 -1 -1 -1 -1 -1 -1 -1 -1 -1 -1 -1 -1 -1
-1 -1 -1 -1 -1 -1 -1 -1 -1 -1 -1 -1 -1 -1 -1 -1 -1 -1 -1 -1 -1 -1 -1 -1
-1 -1 -1 -1 -1 -1 -1 -1 -1 -1 -1 -1 -1 -1 -1 -1 -1 -1 -1 -1 -1 -1 -1 -1
-1 -1 -1 -1 -1 -1 -1 -1 -1 -1 -1 -1 -1 -1 -1 -1
##$RG_tab7= (0..255)
-1 -1 -1 -1 -1 -1 -1 -1 -1 -1 -1 -1 -1 -1 -1 -1 -1 -1 -1 -1 -1 -1 -1 -1
-1 -1 -1 -1 -1 -1 -1 -1 -1 -1 -1 -1 -1 -1 -1 -1 -1 -1 -1 -1 -1 -1 -1 -1
-1 -1 -1 -1 -1 -1 -1 -1 -1 -1 -1 -1 -1 -1 -1 -1 -1 -1 -1 -1 -1 -1 -1 -1
-1 -1 -1 -1 -1 -1 -1 -1 -1 -1 -1 -1 -1 -1 -1 -1 -1 -1 -1 -1 -1 -1 -1 -1
-1 -1 -1 -1 -1 -1 -1 -1 -1 -1 -1 -1 -1 -1 -1 -1 -1 -1 -1 -1 -1 -1 -1 -1
-1 -1 -1 -1 -1 -1 -1 -1 -1 -1 -1 -1 -1 -1 -1 -1 -1 -1 -1 -1 -1 -1 -1 -1
-1 -1 -1 -1 -1 -1 -1 -1 -1 -1 -1 -1 -1 -1 -1 -1 -1 -1 -1 -1 -1 -1 -1 -1
-1 -1 -1 -1 -1 -1 -1 -1 -1 -1 -1 -1 -1 -1 -1 -1 -1 -1 -1 -1 -1 -1 -1 -1
-1 -1 -1 -1 -1 -1 -1 -1 -1 -1 -1 -1 -1 -1 -1 -1 -1 -1 -1 -1 -1 -1 -1 -1
-1 -1 -1 -1 -1 -1 -1 -1 -1 -1 -1 -1 -1 -1 -1 -1 -1 -1 -1 -1 -1 -1 -1 -1
-1 -1 -1 -1 -1 -1 -1 -1 -1 -1 -1 -1 -1 -1 -1 -1
##$RG_tab8= (0..255)
-1 -1 -1 -1 -1 -1 -1 -1 -1 -1 -1 -1 -1 -1 -1 -1 -1 -1 -1 -1 -1 -1 -1 -1
-1 -1 -1 -1 -1 -1 -1 -1 -1 -1 -1 -1 -1 -1 -1 -1 -1 -1 -1 -1 -1 -1 -1 -1
-1 -1 -1 -1 -1 -1 -1 -1 -1 -1 -1 -1 -1 -1 -1 -1 -1 -1 -1 -1 -1 -1 -1 -1
-1 -1 -1 -1 -1 -1 -1 -1 -1 -1 -1 -1 -1 -1 -1 -1 -1 -1 -1 -1 -1 -1 -1 -1
-1 -1 -1 -1 -1 -1 -1 -1 -1 -1 -1 -1 -1 -1 -1 -1 -1 -1 -1 -1 -1 -1 -1 -1
-1 -1 -1 -1 -1 -1 -1 -1 -1 -1 -1 -1 -1 -1 -1 -1 -1 -1 -1 -1 -1 -1 -1 -1
-1 -1 -1 -1 -1 -1 -1 -1 -1 -1 -1 -1 -1 -1 -1 -1 -1 -1 -1 -1 -1 -1 -1 -1
-1 -1 -1 -1 -1 -1 -1 -1 -1 -1 -1 -1 -1 -1 -1 -1 -1 -1 -1 -1 -1 -1 -1 -1
-1 -1 -1 -1 -1 -1 -1 -1 -1 -1 -1 -1 -1 -1 -1 -1 -1 -1 -1 -1 -1 -1 -1 -1
-1 -1 -1 -1 -1 -1 -1 -1 -1 -1 -1 -1 -1 -1 -1 -1 -1 -1 -1 -1 -1 -1 -1 -1
-1 -1 -1 -1 -1 -1 -1 -1 -1 -1 -1 -1 -1 -1 -1 -1
##$RG_tabA= (0..255)
0.25 0.28 0.32 0.35 0.4 0.44 0.5 0.56 0.64 0.7 0.8 0.89 1 1.12 1.28 1.4
1.6 1.78 2 2.25 2.56 2.8 3.2 3.56 4 4.5 5 5.6 6.35 7.12 8 9 10 11.3 12.7
14.2 16 18 20.2 22.6 25.4 28.5 32 36 40.3 45.2 50.8 57 64 71.8 80.6 90.5
101 114 128 144 161 181 203 228 256 287 322 362 406 456 512 575 645 724
812 912 1030 1150 1290 1440 1620 1820 2050 -1 -1 -1 -1 -1 -1 -1 -1 -1 -1
-1 -1 -1 -1 -1 -1 -1 -1 -1 -1 -1 -1 -1 -1 -1 -1 -1 -1 -1 -1 -1 -1 -1 -1
-1 -1 -1 -1 -1 -1 -1 -1 -1 -1 -1 -1 -1 -1 -1 -1 -1 -1 -1 -1 -1 -1 -1 -1
-1 -1 -1 -1 -1 -1 -1 -1 -1 -1 -1 -1 -1 -1 -1 -1 -1 -1 -1 -1 -1 -1 -1 -1
-1 -1 -1 -1 -1 -1 -1 -1 -1 -1 -1 -1 -1 -1 -1 -1 -1 -1 -1 -1 -1 -1 -1 -1
-1 -1 -1 -1 -1 -1 -1 -1 -1 -1 -1 -1 -1 -1 -1 -1 -1 -1 -1 -1 -1 -1 -1 -1
-1 -1 -1 -1 -1 -1 -1 -1 -1 -1 -1 -1 -1 -1 -1 -1 -1 -1 -1 -1 -1 -1 -1 -1
-1 -1 -1 -1 -1 -1 -1 -1 -1 -1 -1 -1 -1 -1 -1 -1 -1 -1 -1 -1 -1 -1 -1
##$ROUT14= (0..7)
0 0 0 0 0 0 0 0
##$ROUTER= -1
##$RX22TY= <no>
##$RXFMAX= (0..7)
1072.5 -1 -1 -1 -1 -1 -1 -1
##$RXFMIN= (0..7)
5 -1 -1 -1 -1 -1 -1 -1
##$RXINTLV= (0..7)
1 0 0 0 0 0 0 0
##$RXMSTY= <no>
##$SCMTY= <no>
##$SGUC1= (0..15)
17 33 49 65 0 0 0 0 0 0 0 0 0 0 0 0
##$SGUC2= (0..15)
81 256 18 50 0 0 0 0 0 0 0 0 0 0 0 0
##$SPECTR= 10
##$SY2FLAG= 0
##$SYNCTRIG= 11
##$ShimPowMaxUA= (0..63)
130000 130000 130000 130000 130000 130000 130000 130000 130000 130000 130000
130000 130000 130000 130000 130000 130000 130000 130000 130000 130000 130000
130000 130000 130000 130000 130000 130000 130000 130000 130000 130000 130000
130000 130000 130000 130000 130000 130000 130000 0 0 0 0 0 0 0 0 0 0 0
0 0 0 0 0 0 0 0 0 0 0 0 0
##$ShimPowMaxUC= (0..63)
130000 130000 130000 130000 130000 130000 130000 130000 130000 130000 130000
130000 130000 130000 130000 130000 130000 130000 130000 130000 130000 130000
130000 130000 130000 130000 130000 130000 130000 130000 130000 130000 130000
130000 130000 130000 130000 130000 130000 130000 0 0 0 0 0 0 0 0 0 0 0
0 0 0 0 0 0 0 0 0 0 0 0 0
##$ShimPowMaxUG= (0..63)
524287 524287 524287 524287 524287 524287 524287 524287 524287 524287 524287
524287 524287 524287 524287 524287 524287 524287 524287 524287 524287 524287
524287 524287 524287 524287 524287 524287 524287 524287 524287 524287 524287
524287 524287 524287 524287 524287 524287 0 0 0 0 0 0 0 0 0 0 0 0 0 0 0
0 0 0 0 0 0 0 0 0 0
##$ShimPowRcbType= 3
##$ShimPowRes= (0..63)
1e-20 1e-20 1e-20 1e-20 1e-20 1e-20 1e-20 1e-20 1e-20 1e-20 1e-20 1e-20
1e-20 1e-20 1e-20 1e-20 1e-20 1e-20 1e-20 1e-20 1e-20 1e-20 1e-20 1e-20
1e-20 1e-20 1e-20 1e-20 1e-20 1e-20 1e-20 1e-20 1e-20 1e-20 1e-20 1e-20
1e-20 1e-20 1e-20 1e-20 0 0 0 0 0 0 0 0 0 0 0 0 0 0 0 0 0 0 0 0 0 0 0 0
##$ShimPowRng0= (0..63)
1 1 1 1 1 1 1 1 1 1 1 1 1 1 1 1 1 1 1 1 1 1 1 1 1 1 1 1 1 1 1 1 1 1 1 1
1 1 1 1 0 0 0 0 0 0 0 0 0 0 0 0 0 0 0 0 0 0 0 0 0 0 0 0
##$ShimPowRng1= (0..63)
1 1 1 1 1 1 1 1 1 1 1 1 1 1 1 1 1 1 1 1 1 1 1 1 1 1 1 1 1 1 1 1 1 1 1 1
1 1 1 1 0 0 0 0 0 0 0 0 0 0 0 0 0 0 0 0 0 0 0 0 0 0 0 0
##$ShimPowRng2= (0..63)
1 1 1 1 1 1 1 1 1 1 1 1 1 1 1 1 1 1 1 1 1 1 1 1 1 1 1 1 1 1 1 1 1 1 1 1
1 1 1 1 0 0 0 0 0 0 0 0 0 0 0 0 0 0 0 0 0 0 0 0 0 0 0 0
##$ShimPowRng3= (0..63)
1 1 1 1 1 1 1 1 1 1 1 1 1 1 1 1 1 1 1 1 1 1 1 1 1 1 1 1 1 1 1 1 1 1 1 1
1 1 1 1 0 0 0 0 0 0 0 0 0 0 0 0 0 0 0 0 0 0 0 0 0 0 0 0
##$ShimSysFunc= (0..63)
1 2 3 4 5 6 7 8 9 10 0 37 38 35 16 15 14 13 12 11 28 27 26 25 24 23 36
22 30 29 20 21 34 33 32 31 17 18 19 0 0 0 0 0 0 0 0 0 0 0 0 0 0 0 0 0 0
0 0 0 0 0 0 0
##$ShimSysMatrix= 0
##$ShimSysType= 4
##$TFXNUM= 0
##$TRIPLO2= 0
##$VTU= 1
##$VTUETH= <no>
##$VTUTY= <tty05>
##$WBREFAM= (0..15)
99.8 99.4 99.7 100 100 100 100 100 100 100 100 100 100 100 100 100
##$WBREFLM= (0..15)
1 1 1 0 0 0 0 0 0 0 0 0 0 0 0 0
##$WBREFPH= (0..15)
-0.05 0.7 0.12 0 0 0 0 0 0 0 0 0 0 0 0 0
##$XFAC= 2
##END=
